7.000000 0.000000 0.000000 0.000227 0.000227
14.000000 0.000000 0.000000 0.009916 0.009916
21.000000 0.000000 0.000000 0.003778 0.003778
28.000000 0.000000 0.000000 0.000000 0.000000
35.000000 0.000000 0.000000 0.000000 0.000000
42.000000 0.000000 0.000000 0.000000 0.000000
49.000000 0.000000 0.000000 0.000000 0.000000
56.000000 0.000000 0.000000 0.000000 0.000000
63.000000 0.000000 0.000000 0.000812 0.000812
70.000000 0.000000 0.000000 0.000000 0.000000
77.000000 0.000000 0.001107 0.000000 0.001107
84.000000 0.000000 0.000000 0.006353 0.006353
91.000000 0.000000 0.000000 0.000179 0.000179
98.000000 0.000000 0.000912 0.026125 0.027037
105.000000 0.000000 0.000261 0.000319 0.000580
112.000000 0.000000 0.000748 0.007765 0.008513
119.000000 0.000000 0.004228 0.029588 0.033816
126.000000 0.000000 0.002809 0.015246 0.018055
133.000000 0.000000 0.002612 0.014555 0.017167
140.000000 0.000000 0.006343 0.001479 0.007822
147.000000 0.000000 0.000000 0.002606 0.002606
154.000000 0.000000 0.002184 0.006665 0.008849
161.000000 0.000000 0.000000 0.000000 0.000000
168.000000 0.000000 0.000000 0.000339 0.000339
175.000000 0.000000 0.000000 0.003517 0.003517
182.000000 0.000000 0.000000 0.000000 0.000000
189.000000 0.000000 0.000000 0.000000 0.000000
196.000000 0.000000 0.000000 0.000000 0.000000
203.000000 0.000000 0.000959 0.008048 0.009007
210.000000 0.000000 0.008100 0.002903 0.011003
217.000000 0.000000 0.000000 0.004134 0.004134
224.000000 0.000000 0.000000 0.008197 0.008197
231.000000 0.000000 0.000000 0.013970 0.013970
238.000000 0.000000 0.002290 0.005291 0.007581
245.000000 0.000000 0.010553 0.004172 0.014725
252.000000 0.000000 0.001712 0.004827 0.006539
259.000000 0.000000 0.003848 0.004826 0.008674
266.000000 0.000000 0.000000 0.002272 0.002272
273.000000 0.000000 0.013333 0.004284 0.017617
280.000000 0.000000 0.002763 0.000077 0.002840
287.000000 0.000000 0.006044 0.003645 0.009689
294.000000 0.000000 0.001392 0.001138 0.002530
301.000000 0.000000 0.000000 0.003968 0.003968
308.000000 0.000000 0.000000 0.000010 0.000010
315.000000 0.000000 0.000000 0.001489 0.001489
322.000000 0.000000 0.000000 0.019528 0.019528
329.000000 0.000000 0.000000 0.001826 0.001826
336.000000 0.000000 0.000000 0.000000 0.000000
343.000000 0.000000 0.000000 0.002141 0.002141
350.000000 0.000000 0.000000 0.006722 0.006722
357.000000 0.000000 0.019950 0.000125 0.020075
364.000000 0.000000 0.000000 0.010551 0.010551
371.000000 0.000000 0.000000 0.008671 0.008671
378.000000 0.000000 0.000000 0.000338 0.000338
385.000000 0.000000 0.000000 0.008289 0.008289
392.000000 0.000000 0.000000 0.004863 0.004863
399.000000 0.000000 0.000000 0.009361 0.009361
406.000000 0.000000 0.000000 0.002548 0.002548
413.000000 0.000000 0.000000 0.025717 0.025717
420.000000 0.000000 0.000000 0.002641 0.002641
427.000000 0.000000 0.000000 0.000000 0.000000
434.000000 0.000000 0.000000 0.002958 0.002958
441.000000 0.000000 0.000000 0.017740 0.017740
448.000000 0.000000 0.000000 0.000854 0.000854
455.000000 0.000000 0.000000 0.002831 0.002831
462.000000 0.000000 0.000000 0.002244 0.002244
469.000000 0.000000 0.000000 0.000000 0.000000
476.000000 0.000000 0.000000 0.000427 0.000427
483.000000 0.000000 0.000000 0.000081 0.000081
490.000000 0.000000 0.000000 0.000557 0.000557
497.000000 0.000000 0.000000 0.008697 0.008697
504.000000 0.000000 0.006482 0.000403 0.006884
511.000000 0.000000 0.012081 0.014540 0.026621
518.000000 0.000000 0.002354 0.018298 0.020652
525.000000 0.000000 0.008590 0.016097 0.024687
532.000000 0.000000 0.000009 0.011384 0.011393
539.000000 0.000000 0.003036 0.027168 0.030204
546.000000 0.000000 0.003769 0.008644 0.012413
553.000000 0.000000 0.006051 0.001082 0.007134
560.000000 0.000000 0.000000 0.012619 0.012619
567.000000 0.000000 0.011629 0.005131 0.016760
574.000000 0.000000 0.002345 0.030190 0.032535
581.000000 0.000000 0.000000 0.000000 0.000000
588.000000 0.000000 0.000454 0.005005 0.005459
595.000000 0.000000 0.000000 0.001851 0.001851
602.000000 0.000000 0.006156 0.003860 0.010015
609.000000 0.000000 0.007030 0.002490 0.009520
616.000000 0.000000 0.007678 0.000360 0.008039
623.000000 0.000000 0.025687 0.009644 0.035331
630.000000 0.000000 0.001434 0.003217 0.004651
637.000000 0.000000 0.006825 0.014712 0.021537
644.000000 0.000000 0.019839 0.010054 0.029894
651.000000 0.000000 0.000000 0.010375 0.010375
658.000000 0.000000 0.004674 0.008992 0.013666
665.000000 0.000000 0.001053 0.024516 0.025568
672.000000 0.000000 0.009865 0.023730 0.033596
679.000000 0.000000 0.019919 0.010083 0.030002
686.000000 0.000000 0.010251 0.008541 0.018792
693.000000 0.000000 0.018080 0.000045 0.018125
700.000000 0.000000 0.004417 0.007939 0.012356
707.000000 0.000000 0.008622 0.004133 0.012754
714.000000 0.000000 0.004130 0.002682 0.006812
721.000000 0.000000 0.003926 0.000620 0.004546
728.000000 0.000000 0.000000 0.005204 0.005204
735.000000 0.000000 0.000000 0.013831 0.013831
742.000000 0.000000 0.000000 0.004051 0.004051
749.000000 0.000000 0.000000 0.000158 0.000158
756.000000 0.000000 0.000000 0.010591 0.010591
763.000000 0.000000 0.000000 0.001699 0.001699
770.000000 0.000000 0.000000 0.009913 0.009913
777.000000 0.000000 0.000000 0.002195 0.002195
784.000000 0.000000 0.000000 0.002164 0.002164
791.000000 0.000000 0.002291 0.011047 0.013339
798.000000 0.000000 0.000000 0.001098 0.001098
805.000000 0.000000 0.000000 0.008769 0.008769
812.000000 0.000000 0.000000 0.020884 0.020884
819.000000 0.000000 0.000000 0.005598 0.005598
826.000000 0.000000 0.001969 0.002825 0.004794
833.000000 0.000000 0.001086 0.008310 0.009396
840.000000 0.000000 0.002946 0.014547 0.017493
847.000000 0.000000 0.003361 0.027122 0.030484
854.000000 0.000000 0.006699 0.026990 0.033688
861.000000 0.000000 0.002744 0.008567 0.011311
868.000000 0.000000 0.031986 0.012376 0.044361
875.000000 0.000000 0.000000 0.008607 0.008607
882.000000 0.000000 0.001209 0.000155 0.001364
889.000000 0.000000 0.000000 0.000000 0.000000
896.000000 0.000000 0.000000 0.000084 0.000084
903.000000 0.000000 0.000000 0.005193 0.005193
910.000000 0.000000 0.000000 0.000007 0.000007
917.000000 0.000000 0.000000 0.005386 0.005386
924.000000 0.000000 0.000000 0.000640 0.000640
931.000000 0.000000 0.000000 0.010683 0.010683
938.000000 0.000000 0.000000 0.016763 0.016763
945.000000 0.000000 0.000000 0.000581 0.000581
952.000000 0.000000 0.000000 0.004257 0.004257
959.000000 0.000000 0.011637 0.009672 0.021310
966.000000 0.000000 0.000000 0.007790 0.007790
973.000000 0.000000 0.000000 0.024170 0.024170
980.000000 0.000000 0.008699 0.006072 0.014771
987.000000 0.000000 0.000000 0.005844 0.005844
994.000000 0.000000 0.000000 0.004933 0.004933
1001.000000 0.000000 0.000000 0.004539 0.004539
1008.000000 0.000000 0.000107 0.001946 0.002053
1015.000000 0.000000 0.000241 0.000000 0.000241
1022.000000 0.000000 0.002912 0.000506 0.003418
1029.000000 0.000000 0.000000 0.000000 0.000000
1036.000000 0.000000 0.000000 0.000000 0.000000
1043.000000 0.000000 0.000000 0.000000 0.000000
1050.000000 0.000000 0.000000 0.000015 0.000015
1057.000000 0.000000 0.000000 0.001588 0.001588
1064.000000 0.000000 0.000000 0.020611 0.020611
1071.000000 0.000000 0.000000 0.001966 0.001966
1078.000000 0.000000 0.000000 0.019168 0.019168
1085.000000 0.000000 0.000677 0.027470 0.028147
1092.000000 0.000000 0.001727 0.000047 0.001774
1099.000000 0.000000 0.000000 0.005876 0.005876
1106.000000 0.000000 0.000000 0.031126 0.031126
1113.000000 0.000000 0.000000 0.008194 0.008194
1120.000000 0.000000 0.000269 0.011128 0.011398
1127.000000 0.000000 0.000000 0.006408 0.006408
1134.000000 0.000000 0.000000 0.024552 0.024552
1141.000000 0.000000 0.000000 0.008393 0.008393
1148.000000 0.000000 0.000000 0.011722 0.011722
1155.000000 0.000000 0.000000 0.000000 0.000000
1162.000000 0.000000 0.000000 0.000000 0.000000
1169.000000 0.000000 0.000000 0.000014 0.000014
1176.000000 0.000000 0.000000 0.000946 0.000946
1183.000000 0.000000 0.000000 0.000000 0.000000
1190.000000 0.000000 0.000000 0.001454 0.001454
1197.000000 0.000000 0.000000 0.003879 0.003879
1204.000000 0.000000 0.000091 0.004186 0.004277
1211.000000 0.000000 0.005768 0.000245 0.006013
1218.000000 0.000000 0.000171 0.000261 0.000431
1225.000000 0.000000 0.000013 0.002094 0.002106
1232.000000 0.000000 0.006869 0.008383 0.015252
1239.000000 0.000000 0.000000 0.004691 0.004691
1246.000000 0.000000 0.003205 0.004856 0.008061
1253.000000 0.000000 0.000000 0.000000 0.000000
1260.000000 0.000000 0.000000 0.000000 0.000000
1267.000000 0.000000 0.000000 0.000000 0.000000
1274.000000 0.000000 0.000000 0.000000 0.000000
1281.000000 0.000000 0.000000 0.000000 0.000000
1288.000000 0.000000 0.000000 0.013791 0.013791
1295.000000 0.000000 0.000000 0.000000 0.000000
1302.000000 0.000000 0.000000 0.000000 0.000000
1309.000000 0.000000 0.000000 0.001842 0.001842
1316.000000 0.000000 0.000000 0.000000 0.000000
1323.000000 0.000000 0.000000 0.001738 0.001738
1330.000000 0.000000 0.000000 0.007271 0.007271
1337.000000 0.000000 0.000000 0.011800 0.011800
1344.000000 0.000000 0.000871 0.003674 0.004545
1351.000000 0.000000 0.000000 0.003348 0.003348
1358.000000 0.000000 0.000000 0.010945 0.010945
1365.000000 0.000000 0.000568 0.016998 0.017566
1372.000000 0.000000 0.002170 0.001607 0.003777
1379.000000 0.000000 0.000000 0.000000 0.000000
1386.000000 0.000000 0.000000 0.003361 0.003361
1393.000000 0.000000 0.000000 0.001783 0.001783
1400.000000 0.000000 0.000000 0.001456 0.001456
1407.000000 0.000000 0.000000 0.003785 0.003785
1414.000000 0.000000 0.000000 0.013822 0.013822
1421.000000 0.000000 0.000000 0.002905 0.002905
1428.000000 0.000000 0.000000 0.001918 0.001918
1435.000000 0.000000 0.006186 0.000000 0.006186
1442.000000 0.000000 0.000000 0.004320 0.004320
1449.000000 0.000000 0.000000 0.002926 0.002926
1456.000000 0.000000 0.000000 0.000000 0.000000
1463.000000 0.000000 0.000000 0.001075 0.001075
1470.000000 0.000000 0.000000 0.007285 0.007285
1477.000000 0.000000 0.000000 0.002683 0.002683
1484.000000 0.000000 0.000000 0.013463 0.013463
1491.000000 0.000000 0.000000 0.008068 0.008068
1498.000000 0.000000 0.000000 0.000000 0.000000
1505.000000 0.000000 0.000000 0.000000 0.000000
1512.000000 0.000000 0.000000 0.000000 0.000000
1519.000000 0.000000 0.000000 0.024084 0.024084
1526.000000 0.000000 0.000000 0.018249 0.018249
1533.000000 0.000000 0.000000 0.001449 0.001449
1540.000000 0.000000 0.000000 0.001794 0.001794
1547.000000 0.000000 0.000000 0.003076 0.003076
1554.000000 0.000000 0.000000 0.002282 0.002282
1561.000000 0.000000 0.000000 0.000000 0.000000
1568.000000 0.000000 0.000000 0.006906 0.006906
1575.000000 0.000000 0.000000 0.004162 0.004162
1582.000000 0.000000 0.000000 0.001453 0.001453
1589.000000 0.000000 0.000000 0.002712 0.002712
1596.000000 0.000000 0.000000 0.000926 0.000926
1603.000000 0.000000 0.000000 0.009721 0.009721
1610.000000 0.000000 0.000000 0.000397 0.000397
1617.000000 0.000000 0.000000 0.000000 0.000000
1624.000000 0.000000 0.000000 0.008931 0.008931
1631.000000 0.000000 0.000000 0.002160 0.002160
1638.000000 0.000000 0.000000 0.001171 0.001171
1645.000000 0.000000 0.000000 0.006132 0.006132
1652.000000 0.000000 0.000000 0.005209 0.005209
1659.000000 0.000000 0.000000 0.002467 0.002467
1666.000000 0.000000 0.000000 0.004128 0.004128
1673.000000 0.000000 0.000000 0.014058 0.014058
1680.000000 0.000000 0.000000 0.005649 0.005649
1687.000000 0.000000 0.000000 0.010326 0.010326
1694.000000 0.000000 0.000000 0.022271 0.022271
1701.000000 0.000000 0.000000 0.000880 0.000880
1708.000000 0.000000 0.000000 0.002524 0.002524
1715.000000 0.000000 0.000000 0.008094 0.008094
1722.000000 0.000000 0.000000 0.004759 0.004759
1729.000000 0.000000 0.000000 0.011119 0.011119
1736.000000 0.000000 0.000000 0.006600 0.006600
1743.000000 0.000000 0.000000 0.009668 0.009668
1750.000000 0.000000 0.000000 0.000894 0.000894
1757.000000 0.000000 0.000000 0.002141 0.002141
1764.000000 0.000000 0.000000 0.000000 0.000000
1771.000000 0.000000 0.000000 0.000002 0.000002
1778.000000 0.000000 0.000000 0.000143 0.000143
1785.000000 0.000000 0.000000 0.009639 0.009639
1792.000000 0.000000 0.000000 0.009051 0.009051
1799.000000 0.000000 0.000000 0.008838 0.008838
1806.000000 0.000000 0.000000 0.001611 0.001611
1813.000000 0.000000 0.000000 0.000000 0.000000
1820.000000 0.000000 0.001158 0.001736 0.002893
1827.000000 0.000000 0.000000 0.006377 0.006377
1834.000000 0.000000 0.000000 0.004802 0.004802
1841.000000 0.000000 0.000000 0.010317 0.010317
1848.000000 0.000000 0.000000 0.012581 0.012581
1855.000000 0.000000 0.000000 0.004723 0.004723
1862.000000 0.000000 0.000000 0.007765 0.007765
1869.000000 0.000000 0.000000 0.000483 0.000483
1876.000000 0.000000 0.000000 0.000711 0.000711
1883.000000 0.000000 0.000000 0.000000 0.000000
1890.000000 0.000000 0.000000 0.026640 0.026640
1897.000000 0.000000 0.000000 0.000339 0.000339
1904.000000 0.000000 0.000000 0.000000 0.000000
1911.000000 0.000000 0.010280 0.013149 0.023429
1918.000000 0.000000 0.001933 0.000000 0.001933
1925.000000 0.000000 0.006348 0.003391 0.009739
1932.000000 0.000000 0.002118 0.009223 0.011341
1939.000000 0.000000 0.000000 0.023609 0.023609
1946.000000 0.000000 0.000000 0.000758 0.000758
1953.000000 0.000000 0.000000 0.003979 0.003979
1960.000000 0.000000 0.002189 0.004988 0.007177
1967.000000 0.000000 0.000000 0.004667 0.004667
1974.000000 0.000000 0.000000 0.020031 0.020031
1981.000000 0.000000 0.000000 0.005378 0.005378
1988.000000 0.000000 0.000000 0.006021 0.006021
1995.000000 0.000000 0.000000 0.000000 0.000000
2002.000000 0.000000 0.000000 0.000000 0.000000
2009.000000 0.000000 0.000000 0.005563 0.005563
2016.000000 0.000000 0.000000 0.001683 0.001683
2023.000000 0.000000 0.003607 0.000036 0.003642
2030.000000 0.000000 0.000000 0.000000 0.000000
2037.000000 0.000000 0.000000 0.004247 0.004247
2044.000000 0.000000 0.000000 0.000860 0.000860
2051.000000 0.000000 0.000000 0.008077 0.008077
2058.000000 0.000000 0.000000 0.000000 0.000000
2065.000000 0.000000 0.000000 0.005588 0.005588
2072.000000 0.000000 0.007319 0.005841 0.013160
2079.000000 0.000000 0.000000 0.000341 0.000341
2086.000000 0.000000 0.000000 0.005508 0.005508
2093.000000 0.000000 0.000000 0.010799 0.010799
2100.000000 0.000000 0.000000 0.017993 0.017993
2107.000000 0.000000 0.000000 0.003123 0.003123
2114.000000 0.000000 0.000000 0.013278 0.013278
2121.000000 0.000000 0.009665 0.002768 0.012432
2128.000000 0.000000 0.000000 0.010630 0.010630
2135.000000 0.000000 0.000000 0.010938 0.010938
2142.000000 0.000000 0.000000 0.006366 0.006366
2149.000000 0.000000 0.000000 0.000000 0.000000
2156.000000 0.000000 0.000000 0.000000 0.000000
2163.000000 0.000000 0.000000 0.009917 0.009917
2170.000000 0.000000 0.000000 0.009532 0.009532
2177.000000 0.000000 0.000000 0.000128 0.000128
2184.000000 0.000000 0.000000 0.000000 0.000000
2191.000000 0.000000 0.000000 0.002963 0.002963
2198.000000 0.000000 0.000000 0.002005 0.002005
2205.000000 0.000000 0.000000 0.018668 0.018668
2212.000000 0.000000 0.000000 0.002958 0.002958
2219.000000 0.000000 0.000000 0.000000 0.000000
2226.000000 0.000000 0.000000 0.012812 0.012812
2233.000000 0.000000 0.000000 0.004338 0.004338
2240.000000 0.000000 0.000000 0.005944 0.005944
2247.000000 0.000000 0.000000 0.000000 0.000000
2254.000000 0.000000 0.000000 0.000000 0.000000
2261.000000 0.000000 0.000000 0.006511 0.006511
2268.000000 0.000000 0.000000 0.007030 0.007030
2275.000000 0.000000 0.000000 0.000000 0.000000
2282.000000 0.000000 0.000000 0.004296 0.004296
2289.000000 0.000000 0.000000 0.004503 0.004503
2296.000000 0.000000 0.000000 0.001218 0.001218
2303.000000 0.000000 0.000000 0.000062 0.000062
2310.000000 0.000000 0.016606 0.010159 0.026765
2317.000000 0.000000 0.004842 0.000033 0.004875
2324.000000 0.000000 0.000000 0.008617 0.008617
2331.000000 0.000000 0.000037 0.013481 0.013518
2338.000000 0.000000 0.000000 0.008082 0.008082
2345.000000 0.000000 0.000000 0.007999 0.007999
2352.000000 0.000000 0.000934 0.002166 0.003099
2359.000000 0.000000 0.000034 0.004905 0.004939
2366.000000 0.000000 0.007097 0.001105 0.008202
2373.000000 0.000000 0.007383 0.000830 0.008213
2380.000000 0.000000 0.000000 0.013029 0.013029
2387.000000 0.000000 0.001080 0.017186 0.018266
2394.000000 0.000000 0.000000 0.000000 0.000000
2401.000000 0.000000 0.005304 0.001637 0.006942
2408.000000 0.000000 0.000000 0.001833 0.001833
2415.000000 0.000000 0.000000 0.002690 0.002690
2422.000000 0.000000 0.000000 0.000015 0.000015
2429.000000 0.000000 0.000000 0.013961 0.013961
2436.000000 0.000000 0.000000 0.001618 0.001618
2443.000000 0.000000 0.000000 0.015801 0.015801
2450.000000 0.000000 0.000000 0.005598 0.005598
2457.000000 0.000000 0.000000 0.024320 0.024320
2464.000000 0.000000 0.000000 0.007127 0.007127
2471.000000 0.000000 0.000000 0.001293 0.001293
2478.000000 0.000000 0.000000 0.006497 0.006497
2485.000000 0.000000 0.000000 0.001881 0.001881
2492.000000 0.000000 0.001569 0.004481 0.006051
2499.000000 0.000000 0.000073 0.000087 0.000160
2506.000000 0.000000 0.000000 0.010072 0.010072
2513.000000 0.000000 0.000004 0.003719 0.003723
2520.000000 0.000000 0.018304 0.010170 0.028474
2527.000000 0.000000 0.009306 0.005475 0.014781
2534.000000 0.000000 0.001019 0.000000 0.001019
2541.000000 0.000000 0.000000 0.000000 0.000000
2548.000000 0.000000 0.000000 0.000000 0.000000
2555.000000 0.000000 0.000000 0.000000 0.000000
2562.000000 0.000000 0.000000 0.000420 0.000420
2569.000000 0.000000 0.000000 0.000713 0.000713
2576.000000 0.000000 0.000000 0.000000 0.000000
2583.000000 0.000000 0.000000 0.002807 0.002807
2590.000000 0.000000 0.000000 0.008728 0.008728
2597.000000 0.000000 0.000000 0.000090 0.000090
2604.000000 0.000000 0.000000 0.000000 0.000000
2611.000000 0.000000 0.000000 0.020071 0.020071
2618.000000 0.000000 0.000000 0.001495 0.001495
2625.000000 0.000000 0.000000 0.000000 0.000000
2632.000000 0.000000 0.000000 0.000408 0.000408
2639.000000 0.000000 0.008875 0.000988 0.009863
2646.000000 0.000000 0.000000 0.006893 0.006893
2653.000000 0.000000 0.000000 0.001340 0.001340
2660.000000 0.000000 0.000000 0.004791 0.004791
2667.000000 0.000000 0.000000 0.000271 0.000271
2674.000000 0.000000 0.000000 0.001785 0.001785
2681.000000 0.000000 0.000000 0.028827 0.028827
2688.000000 0.000000 0.000000 0.000843 0.000843
2695.000000 0.000000 0.008930 0.000724 0.009653
2702.000000 0.000000 0.008047 0.017517 0.025564
2709.000000 0.000000 0.008904 0.001280 0.010184
2716.000000 0.000000 0.000000 0.000072 0.000072
2723.000000 0.000000 0.005865 0.001914 0.007780
2730.000000 0.000000 0.000000 0.000702 0.000702
2737.000000 0.000000 0.000000 0.015503 0.015503
2744.000000 0.000000 0.001919 0.014926 0.016845
2751.000000 0.000000 0.000562 0.001217 0.001779
2758.000000 0.000000 0.009514 0.002767 0.012281
2765.000000 0.000000 0.005506 0.005489 0.010995
2772.000000 0.000000 0.006253 0.001754 0.008006
2779.000000 0.000000 0.016668 0.008159 0.024827
2786.000000 0.000000 0.015700 0.015662 0.031362
2793.000000 0.000000 0.017858 0.021634 0.039492
2800.000000 0.000000 0.018991 0.006481 0.025472
2807.000000 0.000000 0.000000 0.008996 0.008996
2814.000000 0.000000 0.005655 0.009415 0.015070
2821.000000 0.000000 0.005027 0.003388 0.008415
2828.000000 0.000000 0.010992 0.008490 0.019482
2835.000000 0.000000 0.028304 0.021960 0.050264
2842.000000 0.000000 0.006042 0.012307 0.018349
2849.000000 0.000000 0.012731 0.007752 0.020482
2856.000000 0.000000 0.006259 0.037791 0.044050
2863.000000 0.000000 0.005627 0.006487 0.012114
2870.000000 0.000000 0.006831 0.024181 0.031013
2877.000000 0.000000 0.004887 0.021810 0.026697
2884.000000 0.000000 0.017620 0.013777 0.031397
2891.000000 0.000000 0.010116 0.004566 0.014683
2898.000000 0.000000 0.023973 0.005952 0.029925
2905.000000 0.000000 0.020135 0.021896 0.042032
2912.000000 0.000000 0.005729 0.010230 0.015959
2919.000000 0.000000 0.015178 0.014753 0.029931
2926.000000 0.000000 0.010654 0.006698 0.017352
2933.000000 0.000000 0.005917 0.007773 0.013690
2940.000000 0.000000 0.011293 0.026194 0.037487
2947.000000 0.000000 0.001019 0.020240 0.021259
2954.000000 0.000000 0.019796 0.020941 0.040737
2961.000000 0.000000 0.009407 0.008254 0.017661
2968.000000 0.000000 0.028282 0.032762 0.061044
2975.000000 0.000000 0.017179 0.021680 0.038859
2982.000000 0.000000 0.009044 0.025338 0.034382
2989.000000 0.000000 0.000000 0.021851 0.021851
2996.000000 0.000000 0.006370 0.009913 0.016283
3003.000000 0.000000 0.002779 0.000989 0.003768
3010.000000 0.000000 0.000094 0.010244 0.010338
3017.000000 0.000000 0.000000 0.002266 0.002266
3024.000000 0.000000 0.000000 0.002034 0.002034
3031.000000 0.000000 0.000000 0.012470 0.012470
3038.000000 0.000000 0.000000 0.009176 0.009176
3045.000000 0.000000 0.000000 0.002342 0.002342
3052.000000 0.000000 0.007123 0.000000 0.007123
3059.000000 0.000000 0.018346 0.000697 0.019043
3066.000000 0.000000 0.013900 0.008357 0.022257
3073.000000 0.000000 0.006384 0.010575 0.016959
3080.000000 0.000000 0.001814 0.001468 0.003282
3087.000000 0.000000 0.052260 0.009217 0.061477
3094.000000 0.000000 0.005965 0.002897 0.008863
3101.000000 0.000000 0.008253 0.001763 0.010015
3108.000000 0.000000 0.021049 0.011043 0.032092
3115.000000 0.000000 0.000000 0.013281 0.013281
3122.000000 0.000000 0.003142 0.001102 0.004244
3129.000000 0.000000 0.000000 0.004420 0.004420
3136.000000 0.000000 0.000000 0.000797 0.000797
3143.000000 0.000000 0.000000 0.008346 0.008346
3150.000000 0.000000 0.000000 0.002249 0.002249
3157.000000 0.000000 0.000000 0.000000 0.000000
3164.000000 0.000000 0.000000 0.005705 0.005705
3171.000000 0.000000 0.000961 0.005831 0.006793
3178.000000 0.000000 0.000000 0.040129 0.040129
3185.000000 0.000000 0.000000 0.000756 0.000756
3192.000000 0.000000 0.001675 0.005518 0.007193
3199.000000 0.000000 0.005664 0.004164 0.009828
3206.000000 0.000000 0.000000 0.000000 0.000000
3213.000000 0.000000 0.000000 0.005365 0.005365
3220.000000 0.000000 0.000000 0.004225 0.004225
3227.000000 0.000000 0.000000 0.009578 0.009578
3234.000000 0.000000 0.002276 0.012963 0.015238
3241.000000 0.000000 0.001593 0.000224 0.001816
3248.000000 0.000000 0.000000 0.002688 0.002688
3255.000000 0.000000 0.000000 0.009006 0.009006
3262.000000 0.000000 0.000000 0.000337 0.000337
3269.000000 0.000000 0.000000 0.000881 0.000881
3276.000000 0.000000 0.000000 0.000000 0.000000
3283.000000 0.000000 0.000000 0.009406 0.009406
3290.000000 0.000000 0.000000 0.001687 0.001687
3297.000000 0.000000 0.000000 0.006922 0.006922
3304.000000 0.000000 0.000000 0.005719 0.005719
3311.000000 0.000000 0.000000 0.003356 0.003356
3318.000000 0.000000 0.000000 0.018224 0.018224
3325.000000 0.000000 0.000000 0.001613 0.001613
3332.000000 0.000000 0.000000 0.029645 0.029645
3339.000000 0.000000 0.000000 0.013113 0.013113
3346.000000 0.000000 0.000000 0.014363 0.014363
3353.000000 0.000000 0.000014 0.008998 0.009012
3360.000000 0.000000 0.012214 0.009791 0.022006
3367.000000 0.000000 0.001438 0.004434 0.005872
3374.000000 0.000000 0.000000 0.000088 0.000088
3381.000000 0.000000 0.000000 0.002703 0.002703
3388.000000 0.000000 0.000000 0.002933 0.002933
3395.000000 0.000000 0.000000 0.000510 0.000510
3402.000000 0.000000 0.000468 0.016412 0.016880
3409.000000 0.000000 0.011498 0.009423 0.020921
3416.000000 0.000000 0.003154 0.006798 0.009952
3423.000000 0.000000 0.004048 0.001198 0.005246
3430.000000 0.000000 0.000204 0.000000 0.000204
3437.000000 0.000000 0.012578 0.000608 0.013186
3444.000000 0.000000 0.002011 0.009343 0.011355
3451.000000 0.000000 0.000267 0.009223 0.009490
3458.000000 0.000000 0.025658 0.008399 0.034058
3465.000000 0.000000 0.003464 0.006213 0.009677
3472.000000 0.000000 0.000000 0.011978 0.011978
3479.000000 0.000000 0.002290 0.010128 0.012418
3486.000000 0.000000 0.004389 0.006782 0.011171
3493.000000 0.000000 0.011676 0.015793 0.027468
3500.000000 0.000000 0.015685 0.004293 0.019978
